55.00744287309805
55.77642816521134
56.57220608867429
55.77556532415605
56.1737229672567
54.81729575837807
54.47801037682162
55.27191980559512
57.2979267693503
56.331020945409335
53.96232674822953
54.28162683886794
54.87384242142989
56.18660131914772
55.90845081966234
56.02711998579771
56.390899044413864
51.759819263207866
55.42206569198449
55.0805856089466
56.96285678918788
57.22383899805924
55.73425501334576
56.69509053174408
56.1850086255748
54.50538339624708
55.73075460467087
54.82742371228259
56.33238624546632
57.9403852917752
54.84132565738358
55.66676201214373
55.981757044424285
57.04161473813478
54.759552143512046
54.58136680166423
55.374580856040346
54.718585265500124
55.595875176624475
54.47373302123866
55.96777426935184
56.02186273703569
55.07920664815527
55.94645392035842
56.20996179132283
54.07009738526846
55.892118286570756
56.20280264521879
55.49416641686796
56.58623242794885
70.20975332117733
72.0916920315459
72.05086816336276
68.82849003508417
71.51300108724969
71.44097343589743
70.57251548669824
70.34024321253354
69.37399471035862
69.26109990152979
72.25022917587367
71.28769820862036
70.56041120434836
72.57521794278047
71.49701285655946
69.91361192949641
69.90887191040493
70.31248628856748
71.06129453933244
70.88604258047057
71.48282323125731
71.23235797574344
72.77645834945234
72.46880337058074
69.56445293033754
71.70700718513558
73.95857101353357
69.50752370904678
71.2504200640475
69.52763689413558
70.7835146298835
72.93554280126277
72.03465307420943
70.77177965865927
72.40276289876914
70.34655717215716
70.88799424834374
70.86091520495458
71.89903085040811
70.80226216306859
71.2131746192754
68.95091490556608
71.58889504459512
69.95582876626004
71.81551085684949
70.29444331175662
70.48916375305893
70.0059338637913
70.75146011753667
70.48970874325116
43.07119779310406
42.142705643727176
44.80497215048242
41.815366799952656
42.33313474991909
42.34286890505567
42.671988989593146
43.028549658176864
42.50196881057995
44.551833620777344
43.864920143313334
42.985833554036184
42.16344146833674
43.80613949822295
45.25734756803456
43.5299963210506
43.282746130787636
42.90232994990675
42.047762016665025
42.79752157205089
41.09077915611525
42.62071271201632
44.0306366735668
44.14450415649538
43.30903605891189
43.47383855698516
43.45205881943356
43.46024888254922
42.85538949261907
41.61538376778841
43.21131484317388
42.789564860834076
42.76849255517283
42.61911881823686
42.54549726886157
41.71528248135572
42.795297061655724
41.400443949469086
42.168827684285866
43.59099563302941
42.25036782979851
43.815495611979436
43.135784719080746
44.64541198646681
42.99458436418586
42.757861367362
44.10300986581342
45.144804329750535
43.602639572747236
43.88593946111984
125.76197541834775
126.27050578343548
127.03850082896486
128.58836941034912
126.74593955402129
126.02903891039466
126.44088975620883
128.10018290563272
126.34697699181409
126.25646058981059
126.2850502863874
124.96644250020132
128.59342145421238
125.66073377640222
128.19882470063345
129.0104499941957
127.10911951477276
128.03276880857274
125.86651677995398
126.65507796188402
127.11897091017039
129.47504445434075
125.49363256009873
129.4114546088705
127.14348409482999
127.93719213131669
124.7392666813211
126.42674063774002
126.63391079882179
128.5066289473177
126.12391490647255
125.7141315368251
127.31979828104197
126.77445053357476
126.25875529350479
127.87402948799831
126.08122210937209
127.23913166490905
128.46779709655272
126.49277625993679
125.01459167560819
127.52591710789783
128.94075680132877
127.50708154633654
125.6760638233533
127.16930552085725
126.60100344896134
126.32786577271045
126.30503009126313
128.26757935900346
55.200686457291376
54.37971333612233
54.16853916238178
56.41382918953267
55.167127890329205
54.10150698282921
55.35647208495633
52.252922792566544
54.80463757021062
54.308902071762695
55.36000607188693
54.16942929898979
54.521408273095076
54.038395776007775
54.182532404883695
53.61212044240308
53.807639221438855
54.36623448163044
53.35330643667996
54.00154643461962
55.36867207748285
54.11829397569717
54.61056710523478
55.15656394185965
54.342849714014136
51.08855039307354
54.93934242454092
52.36674776035722
55.13054545073092
54.91284275133814
54.24251577664311
54.314084208973874
53.499633118151635
52.84922751608729
54.72338735497943
53.01076297144322
54.961600094324695
53.777157110802676
53.2109974669245
54.802167432024994
52.43413026544118
53.89288281348565
53.23309431424555
54.74131038892075
53.73466317759603
54.07820540716077
54.01296787973393
55.49134098400145
55.02346784607164
53.60290477790777
126.98001083138675
128.48495891121033
126.42276835044625
128.1060269852011
125.67373631760938
127.13880214994812
125.83600417007146
127.59595248048906
127.22041780792058
126.21555366511303
124.56974055395878
128.30921458766713
129.22175845203597
126.60796689589192
127.90288434151583
125.36922563782366
128.21357127289818
127.69638459377629
125.87001661795266
124.6140409177725
126.19904381338436
126.15009626290724
127.19622480303163
127.36527153980761
127.60548436344627
125.76581295495262
126.22681759137816
127.86312620908186
127.81395778915382
125.61244078790205
126.08523691979052
127.1224978051435
124.97990163426064
125.87942455175575
129.16959713461856
128.5428971427212
127.06304166649691
128.02626801992028
126.61570054450044
128.0782688411467
125.21258193344919
125.08305463132915
127.30782932585029
126.07400558561967
126.52871676181083
126.74985913622041
126.15695062757412
127.08446490353724
127.05196232549117
128.61503776148515
0.11289211787998045
-0.5734339559530748
-1.00103003167187
-0.15843940414657642
-0.6766546335481551
0.04979978087970866
-0.31533453930291544
-1.7269530530889825
1.4334085404418628
-0.8507299767550297
-0.8435873088503988
0.520256613116096
1.0552494394714904
-0.17198684383184942
-1.4454429568045895
-0.05077641751513703
0.7350914894551259
0.12144072571686455
-1.7165617821195847
-0.05784986244233005
0.06025373993871723
-0.7056138446821539
1.4263753290281822
2.1596460991941453
0.9693333362364382
-0.7738430644502678
1.0554354196102433
0.7560958826310115
-1.5308464847763281
-0.5070422633628439
-0.5902828815789014
0.25933284451177646
1.2900754381481214
0.4825113519593861
1.600427152544797
1.0177123303976465
-1.0132910865548475
2.4494728417007265
-0.22844024765637136
1.5270357546822426
-0.2774531722755675
-0.3348966541496938
1.2507310444006954
0.1990242152539541
-0.26210933889920257
0.19415159119370307
-1.264589547779109
-0.49908457262193895
1.6206321033520887
-1.5353357668546133
29.381976020591722
29.26066965251374
28.32353402984388
28.529728467684738
28.000697287891814
27.655119186278565
29.012727708164856
29.520547349223882
26.619385515065705
27.44738443112041
29.492846411074506
29.413011541347885
28.39890418174339
29.032421641770842
28.602322170083237
29.54089206843071
28.099002960411976
29.351227529977937
28.538400528521404
28.71048063819399
30.443239229243478
27.813049785677094
28.08759677167289
28.63934697360575
28.430924289253387
30.184709872325712
29.712970649139617
30.065799936677273
31.744276468376434
28.575275656280464
28.65906370177699
28.967092692195223
29.420564405933483
29.13261520316248
29.436561487498658
30.229704253129537
29.741650531792068
28.495125284371937
29.82229167246892
32.25357368145814
26.852376900128306
30.63633176210661
28.817577557400078
28.328467556374644
28.726740633981308
28.770965565632228
27.89767117499927
28.68341454269656
27.907329262364648
30.72007968021302
126.64140715217334
125.7387779355199
127.56500996074827
129.01073367623084
126.6469072797497
127.99361840917558
126.30180938203662
125.42817044795487
127.01251085529863
127.73665375480915
126.71438247927318
128.00070624437694
126.88860954396874
127.95543929246801
127.639325538556
127.92362224912415
127.24184822049439
125.73085811037024
127.4987751590679
128.46565430036446
128.70774183782956
127.32026816853353
128.2833386946009
127.2684532210069
127.2674004428162
126.94372092553961
127.09392603111777
127.54488579468992
126.54180719351807
126.96144479103882
126.65509363189067
126.59650601703375
129.15881899399875
126.469663411542
125.66031881558497
126.3246644940074
126.81611205010834
126.60359444196567
127.1538671290509
126.09949863518585
126.75950927461425
126.17746501703238
128.79371011984247
126.5623628924607
127.2369893541691
128.43133367894544
125.54709278729644
127.76183794788653
126.73824116751588
127.6117504748564
42.89116687658856
43.88702839760283
42.11961303898123
43.673151841813
42.88211183234016
42.26917533129874
44.55756368936279
43.453268918854015
42.951694642813386
44.2046918460544
43.90619697061966
42.142790011059965
44.21047179185909
42.499019103398076
43.72937264271526
44.4860015717615
44.412115315004144
42.17542583461848
44.11507132685578
42.25842186017741
41.689455745585576
42.84118044913785
42.18385222975774
41.674048637114325
43.40523887494968
43.21875804978783
43.239090565328006
44.065749344896034
44.4329915261412
44.27520140279827
42.208215378399316
44.542280712033836
43.82592792661101
42.74401866395293
42.86584343283872
43.18247418228495
44.0866542247451
42.10811311346527
42.83165092171736
43.01452071922337
43.95370990098335
42.63861515398975
41.87243466222437
42.87133321967208
43.14599402197202
41.66556997849806
41.88494973798704
41.53130900354595
43.7675320639274
43.232292098692696
43.630569962631505
43.235116171864306
43.2847338311261
41.506018948207654
43.28106682551344
42.51422288789007
43.016261534488116
40.977444749246416
42.272685970968844
44.65074554604559
43.19595257112243
41.97703781755355
41.1006580593864
44.99927699301111
40.315351221777014
42.38418289636046
43.85764341171072
41.730811868307306
42.2480228792077
42.99055281547606
42.33099393813972
43.71438758924398
42.484126507534185
42.1083189970498
41.96643965175908
41.260894204809674
43.22054500247254
42.928088696596106
41.716381555507496
43.983912688058396
43.30029651688123
43.1411913991043
42.55158762337222
42.61606561881399
43.06149706044061
43.01449702535212
43.09955308312141
40.967443851861375
43.29216123449668
43.42814705256653
43.430728093466165
42.22121688444775
43.15231329816738
41.90743038738965
44.650778329356136
42.99708315892977
44.25304788548747
42.78208582477706
42.02579597598814
44.620146439357455
96.48650292697036
96.81691470418185
98.49813886022152
96.72497122713378
97.22424483866395
97.25905195255342
96.2951717535002
98.69751767793028
99.3383585815775
97.95964812861057
97.25502890481134
98.51868824378242
98.35847193237345
97.65870374426133
99.18579817639491
97.69713993764482
96.76816812486271
97.17684069919446
99.03202103658512
98.70843881099623
95.79409570032735
96.78622405641426
98.87548052055274
97.21084148943656
97.18604613847802
96.71769013586554
98.80392721890713
96.67228380723704
97.5283839388536
96.92038512467853
98.67334783208683
96.61919398265866
96.68958605049438
98.6672363849027
98.56969880544918
96.18203091081803
97.04854730924181
96.73466392455246
99.21530610782236
98.34554686673701
97.92270409539
98.150664413394
97.17937125844826
96.78155236832869
98.9489516307667
97.51542190167903
100.5490569610941
98.56417969985154
98.70976647939382
97.22448240655021
12.971465419120642
13.358048259850612
12.878203251213298
14.299914104039809
14.59077289250801
15.005241090455426
14.921216490297642
14.486952816220368
14.130831425367589
14.599094628488533
13.743074625988182
13.758935658643994
15.149547038008105
14.734377936569057
15.096711318435837
13.555120714461117
15.45136921853731
12.31613324810057
13.208446463046874
12.481507686892286
12.563799956947536
13.364497841539505
13.815192174849601
13.661093456784593
13.958042511978668
13.690680611605385
13.945834334730922
12.053899088903723
12.96427773023439
13.939781984748846
14.595901124450794
13.465685724800139
12.301522743738712
13.713089584004834
14.113384340806704
14.322453299054827
12.689143803813765
13.788894046271531
14.573267382835958
14.358018955658464
14.150451256580967
14.975466252027825
13.861536747480102
15.283936341483871
13.581907835973928
13.459420097003367
13.173112821781986
13.320476234536025
13.347672417485072
14.279771307568584
13.389756349470638
13.293187502437704
13.56866849878592
16.112378321022955
14.158797278372058
13.741792243198168
14.04015034711831
14.103266763639429
13.064252618951098
12.871857483603423
13.904368853805648
14.22087827477826
15.380685573284197
13.877960104382716
12.365796359426353
14.201416272670189
15.286737872573507
14.534431639709489
14.409870985515276
15.320332209669507
14.303480603329714
12.794737820898423
13.99595261338795
13.859871126137167
13.528503022815423
13.018069516106062
13.910516103073977
13.41293415183569
15.052940061750473
12.995241583239821
12.920231174803012
13.624589483137397
13.80933622183509
15.242647094027173
15.577252047888821
14.538284912367832
13.57676346175952
15.00241142704326
13.770504638373001
12.765268781752626
12.935030859980321
12.069393924733726
15.274531191457253
13.912856099819562
16.751808011228974
13.824864882771779
13.966669512605966
13.867531190271578
14.409691106895707
12.993856364775679
16.649151859253397
13.946761998401957
15.287904245791548
13.037047098788292
16.330426977180036
14.624011538234436
14.973074378540538
13.488307958961538
14.238139238410206
13.844533481644165
13.269866253971575
13.72853367840491
14.818412479943499
13.390072621043508
12.663573890522253
16.894456663639033
13.674873214031233
12.426618665999534
13.327305180537214
13.42870659389169
14.091741754334874
13.626883044527183
13.83310818601781
14.348752096980505
11.650310715846132
13.324650915399376
14.019727898524224
12.232033561764558
13.308281309089088
13.689978141611787
13.169252315965258
15.851875815971908
15.35543094429121
14.244141958155065
12.903723525625754
14.297284645477921
13.398609268372192
13.673872809791837
14.426007854530768
13.846746156644748
12.394293352593161
14.876390617492703
14.720253096970046
14.474075474273388
14.028832419343269
13.634826036127018
14.321040248163543
12.644612956152786
14.549055719054044
15.61788369945959
73.23883343232421
74.13308182613369
74.04754587295103
73.20755733505435
69.69859939533562
74.45227328687184
73.52000465553951
71.71967500425419
71.69870681599237
73.30722691325795
75.23361069793363
74.41951117700742
72.5428268906724
71.00705507479762
73.44417835714742
73.28746331552294
71.77510618948268
74.07037471156242
73.29961556143446
73.54068902937249
73.66400213571038
72.34374775992787
71.54579360502778
72.57437369278561
72.53847250181597
72.84146528717925
73.10947393656151
72.35961298990657
73.19038081518684
72.18577110158867
73.21886225672846
73.13174468558206
71.91804329625467
72.21092549833375
72.60727651986414
73.31665609097455
71.80495361621668
74.59190379465595
71.02078356815245
73.30433011947113
73.7185020301
73.37593312683602
72.94196230460128
75.64288426255516
72.44499181128306
72.41661799978348
72.26971545302497
72.55332331543165
74.06809882128438
72.71615310977643
74.71987339937507
71.00207404141126
73.45386942490222
72.8780295000229
73.8054702710147
72.14574449109448
77.00709330942908
73.29049329332338
73.40429523285451
71.89702409269051
71.0143777092401
73.33553469601306
72.32363300585766
74.17286969808458
73.12397905175925
73.37924207796455
73.43568651555599
72.49115047349069
72.93745922421877
71.57996910914112
73.98813735655631
74.22542949351919
72.90897606209016
73.00744807815754
72.7697436566134
72.23237883237817
73.26439106653169
72.47259584105832
72.25626378619629
71.85418252001766
72.56981188418058
71.58520274590484
74.41665516140708
74.64558910356752
71.64811164020624
72.36716998667801
71.20018866415572
73.07830310546689
72.3350974572634
72.24047823586415
72.9505835093384
73.01296446772632
73.54519469361125
72.28781157021629
73.05165973747036
71.41945002445473
73.67659949832131
72.23370633592502
72.22271560412611
74.43101437371342
53.763987828506686
52.58859630962084
54.01204699129107
54.20647223662028
54.6992117547165
53.04490764352191
53.272225362881144
54.33710342223223
54.41065672311701
51.79576113123003
54.0439272527722
54.3530411126104
52.82271800464287
54.23329707079352
53.610538638336415
54.12171826256794
52.753683088556684
53.891692448130215
54.99703943053973
53.89220611990437
52.50711813267218
52.804316178802345
53.510772264112475
55.320575118556775
52.19802318101098
53.61135996998339
53.575895027327256
54.04622433546473
52.6912850903758
53.92511464966412
54.39674215436556
55.28457703999673
52.46883674636788
55.89029023738892
54.7310956678389
55.63701904597593
53.260121096033885
54.719171073464516
52.791053895859875
53.66447979494792
51.533726791842
53.05994678679573
53.52932847045255
55.61444604506089
53.546362320470394
54.10935966990487
53.3700176474128
53.098216667638106
53.850995597155276
54.265516322459824
126.40588033797808
126.63154564379386
128.1849085503867
126.00424615158916
126.5994209465589
126.16686503311449
127.9174140453613
125.4356706065379
126.85959357053564
125.14940497059013
127.26943171517811
126.03748510914625
127.37583105962165
125.99476286691558
127.17267327275883
125.00070825700152
125.25020106207525
126.25489745341422
126.1664323891753
127.20417827467628
126.09217733711401
127.00376792656277
125.47340652428146
127.58142188847955
127.13779652411405
128.8485892901539
126.83417749975153
126.97783920969765
127.5973557494771
125.86010389634869
124.79478380055323
125.56853765778816
127.51112132196293
128.01560239431038
127.75355595116974
128.96909711382617
126.9216287602084
127.08822779064697
128.09424560376627
128.49895069316003
126.2280613569222
126.31926428859128
126.84785515770568
126.27028538355071
126.78317511469746
127.89113426625109
124.77367464090376
127.93327653287353
127.36452571365909
126.6052429120297
15.407001119517599
14.594188765956083
13.40165093351225
13.723597205458473
13.252514178619233
13.550274062388029
14.043580867655109
13.079501417207265
15.359016160196814
14.534235782526496
14.512152257536831
14.746593100666974
13.600513731797252
14.33109418478591
14.472513650518911
13.716463345599259
13.581648565686018
15.112851359077204
12.833114237539137
12.04966446464279
13.90528672235644
13.690954954399803
14.26753351530595
14.338760049830766
12.103734209355496
14.338985983282363
11.910715588160144
13.374130463554502
14.934328262378838
12.744956170697577
13.835506478405529
14.882147591046554
13.771287778385753
11.723019790201953
14.497361528129264
14.06985748150188
13.677827971088487
12.546177313480415
13.6631953631548
14.38266202239331
14.031925578422085
14.457231711325276
14.82430347018378
14.518659016095667
13.58128326881949
14.322230809911282
13.19002418569024
16.30573127098594
13.476298995321216
13.91057221080117
19.319256815900257
19.373776248342526
20.741271386628558
18.091709290828277
18.32190700956047
19.006728142903455
19.624674604830105
19.89895411416448
18.645853483252353
19.212804802073865
16.38151767322561
20.271563528028036
19.374511365074945
19.23892057448539
20.436861959752306
18.042326564317023
18.482590539336073
18.803875552491817
20.062076683480853
19.156238322947996
17.544983789667498
18.748184143717136
19.904911228811983
17.59258260960751
18.83604578438671
18.612121781223784
18.079684530165636
20.12151385155188
18.23127259788871
20.163221489803323
20.30473172683869
17.580179153481573
18.845339981052543
18.928376469123517
18.648170522761223
19.1302499595651
19.497803201947878
20.00927586303861
19.090850320040406
18.487219348258854
18.21317015102365
19.01239969792811
20.884939983874606
20.046810994858753
17.27325629386537
18.85226674386272
20.241352884319166
17.881244538096272
20.73923669667336
20.595066256294274
29.69588110576412
28.340198691465147
28.672180167375775
30.32077991551197
29.57523265104102
29.026032311320474
27.158254795393027
28.24160004319355
27.938282754734118
29.011548760421043
28.973388020247768
28.940832609603135
28.751746828505663
30.164963860169735
28.83310884732403
29.632658534382553
30.218376898543884
29.802946925010716
28.572683726697274
28.28593647528155
28.89325325984979
29.933807756723485
29.621694550426795
28.78306378984277
28.862470788694843
27.720957429054458
29.3321267293001
30.256709735892247
29.90095001204443
28.53003070727957
28.927106116084676
30.032133641311276
28.51571606090796
28.677937922537552
29.29930661800821
30.381164143234663
27.46685066828834
29.60638699202866
28.078932935038793
29.811446094454602
27.19735173868684
30.98059626464242
28.607277322153067
29.01818584294365
26.359462623230595
29.108517490209692
28.587263030092245
27.74630076874735
30.837831211379985
28.99951247326804
128.45905219938575
127.6920986380107
128.29598547325728
126.42084150691986
127.0228289268488
126.87433154636976
127.45213847560127
126.53071861228946
127.29137175202843
127.04734633519135
126.02582900469979
127.34667756544269
127.37243760428903
127.22775515868216
125.90093116001718
126.06211915697796
128.4917836225986
125.48482143165718
124.92211694946178
126.61272369940896
126.77532472491191
127.99158815875121
126.86307207454895
126.86425016711613
126.76511584088269
125.68875403868421
126.37777273836912
127.47913529654946
125.82630836981164
127.2960511171843
126.67017327240427
126.98164151373223
127.32002132452465
126.26108693276848
127.15177574350068
125.31195085794207
126.13875118996685
126.50505839621981
126.35081970601154
127.1586948384853
127.53764634921151
128.20357358616744
126.47972181563757
127.26358004462058
125.93939659256203
127.54054954463648
128.557195735903
124.96736933916385
127.57060166325881
127.12908780987588
73.26769190302446
74.32289290601584
72.11543105923064
73.72348431779545
72.8417958432383
72.66384099792336
72.84745857046681
73.36717287226827
73.76322868775446
72.98655407286113
73.6337851793761
72.95874630526185
74.23497991233425
73.50032968386557
74.19684342640141
71.07920207183186
74.80798701049467
73.36000660862665
71.41832584223408
71.26293924728171
74.98879586481468
73.06879805124062
72.62441169467927
73.551372781149
72.04256693503115
72.11730900308181
73.3912077859757
71.37682155948916
73.16510242034933
73.65044736084278
73.83963565295218
73.1085277158875
72.21243583268145
74.06976682062584
72.50496532217394
72.26847653479865
73.49325343443607
72.62101230283459
73.75858933422019
72.06863039584738
72.26843915480693
72.67752838693782
73.62231127780174
73.55169854652695
71.67011569708924
72.88419674989781
73.36170734157038
73.93125051177567
71.2998296318743
71.9927831653328
20.14656910135413
19.193127986861455
18.415668950236107
19.452256625780237
20.34866267915909
18.521226619594863
19.78981007125507
20.494533682204896
19.47990289183574
19.055964576255143
21.231451018305492
20.462688624683373
19.79636059830087
19.091887570016688
18.956131257597548
19.558945748591817
18.957848183511185
17.20345476033906
18.958600338085446
20.559654600542917
20.06385085178855
20.691339336518567
21.047485665210566
18.318341652498
18.30235144162414
19.04005559657517
18.051879031334728
20.798317011628
19.597917873790305
19.45017508453556
18.292778164427965
19.89653464631566
19.468804459576425
18.689377829229933
20.491241187827402
19.54254968241318
18.840625994999808
19.219486843805257
20.19882552939163
19.70840544106761
19.06030239984175
18.732272804062536
17.898254591614645
18.77684944459067
19.452827234870092
20.824527827197333
19.424199632963983
19.449809397001662
19.143763782109737
19.582627104924835
83.34275855501686
82.21832089190423
83.04006621449476
83.37789021893198
86.17012261770498
83.72294186417302
82.52599736297022
81.9477163714373
83.79826164759893
85.71203089243167
84.7016324542023
83.49325569973722
82.9730351268738
84.35491046173631
83.15418443449546
82.97639727621163
86.12724836313744
85.91729419997718
84.31292399538417
83.57649289542606
82.95570918318838
82.25313234252053
85.19552277522318
84.57475941475828
84.55253587664292
83.2713952433703
84.64842096357943
83.83963786547177
83.64312510914188
84.23551432576737
86.14968602434332
84.57082642845204
84.78519095093324
82.8841557754011
83.18431524850584
85.94445312821944
84.50990820126326
83.85706542895572
84.88277828902064
84.04547478278542
82.12795984608981
85.78806583145305
83.31381720792506
83.86255144091238
84.04756980314714
83.90028448588373
83.15304793627813
85.94452817718158
84.6472398928814
83.29870873888794
14.871028945886499
13.161501726186042
15.650962332096446
13.51786578996103
13.932700903157427
13.179750583836073
14.096400324304616
15.150803829597969
12.361234943652338
14.100255838294133
15.765093383140737
13.70005627667877
13.70428532215559
12.937300361688312
13.73466470235286
14.206468413205513
14.739620107718443
15.549225433656469
12.75642040695738
14.355944825704828
15.037829277657657
13.62274905960297
14.178400709952852
11.497270683198046
14.271384558138855
12.852253501134786
16.21972435212968
14.775165094922942
15.55268444924093
14.159513254243647
13.815102886022988
14.343490028639788
13.83190251296507
13.080124043515216
14.951941337992308
12.353064624448544
15.75701890387224
14.153510885673983
13.965805771341014
13.928728132142469
15.417347060865218
12.911807034455165
15.73731088655066
13.860534246480539
11.578206258852532
13.776670094976378
14.129074037379784
12.82161287887963
15.169094521549766
13.838274635270745
53.13888953237012
55.19784578881512
54.174972314638325
54.107960807765146
53.64797488465203
55.32881342969169
53.51072314526167
53.1037842054702
53.25656301383496
54.30245191801408
55.59138003010954
53.41013531771502
53.119816410476545
54.596638729041594
54.463569712344245
53.07080956808233
53.588564878068794
53.38909137674569
55.75940475730138
53.441973727862816
52.94960251737984
55.44040438968497
53.501073913812654
55.49272816400242
53.00104680223409
53.72603552107213
53.228594806786695
54.30855064239066
52.82477776407964
53.047168772077264
54.927479749583576
54.738437969342755
55.74842807641315
53.461915797995566
54.256567821656475
54.07982201679952
53.854845168035084
55.39469680199302
52.66203044966226
52.42174394434306
52.95777493507032
55.29276327413665
53.602339499390176
56.42758677953623
53.585832453146956
54.596119539303054
54.52706033055568
54.627456307936924
54.568630168388786
54.00320533974027
29.18135292641585
30.33540733806862
27.789405943511657
30.156713721321896
29.654568818954875
27.590792327473235
29.918782663543503
28.41329349554292
28.907320494992785
28.68511865085028
30.884068943901646
28.139066547864143
26.69525268624306
28.904660709683164
31.418442328814642
29.142799672403893
28.272458984838043
29.223758749442926
28.754254389251066
29.106453656859717
30.223480802831123
30.24233374592492
29.943235151470265
29.365929545195115
29.168746193367838
28.909857968730638
29.045915542177635
29.317193321896042
29.803246778121572
28.271493470607297
27.475093046225197
29.106088179548568
28.58004086970697
28.35902235889354
26.82918093095883
29.019066341906793
28.822303012639797
28.48067202434532
29.732827912295928
30.38161938533716
28.956671885637682
28.481921884617588
29.193939781723536
27.838796827040152
28.495067270297305
30.22867517339048
29.81729141300751
28.614989548122796
28.101472221613914
30.009453232521324
20.32881557853301
17.954801832614322
18.782625229300493
18.509045906121365
19.799115104707635
17.678830332900883
18.462923792691512
18.492401823056817
18.54656274315323
19.71236732416332
18.80492127943848
19.235730946666276
20.401022549585225
18.270084004273226
19.2115103112465
18.230228210805947
18.29953405435271
19.734042447836206
20.128431324406332
18.902105546036257
19.38939319745315
18.699880727326683
18.048732087053008
18.94314252030378
17.56340316951355
18.701017104789074
19.010917082465866
18.440115902184715
20.484229554512293
19.87047692774102
17.02019601109445
19.304490158338236
19.853216068968177
20.078180865321936
17.813506580779887
18.286536230446032
20.485321990805247
18.929260022126826
17.6389634054039
18.132234084299842
18.81612214854712
19.846778803668336
19.727934393622846
16.599604118276993
20.939364695196023
18.710721518355708
19.075189889039912
18.97084449308437
16.754934419696376
18.96127239313537
55.31206079266506
56.13949683398421
55.83687189319467
54.07898845642256
54.47265814313439
55.367971743631756
54.54965978783949
55.266261598386954
54.12896496141707
57.529515356997614
56.45665087417961
56.80387018206699
54.89218155616742
58.11810900654598
54.119912283344675
55.5920685421313
54.46741825439165
54.869930330339244
56.294902299655185
56.48765263867751
55.23602449629995
57.2482342837228
55.27100468915844
55.20033187923072
55.89662105115271
54.995117144518446
54.80180233865509
55.84699096530601
56.14248853625973
56.13653174050133
54.60105525392553
55.298546399278976
54.29878861716084
56.34909768075317
56.3726817467598
54.902255568131594
57.802828349978796
56.42896983685297
55.21857563449032
54.131122479946114
55.17473935305533
55.497257674071825
57.53063209323139
55.858503240473695
55.70206599729321
56.43996309262031
55.79477751926801
55.611508640877396
54.71857372628796
55.58414973212129
127.57696031891571
126.49301125676293
126.84180883670956
126.9629510443606
126.023903859412
127.80158480446062
125.36110718997381
126.66318176125016
128.01055990851054
128.22806496072653
127.35112024879972
127.17987756070329
127.05118083400268
126.33384113289048
127.37712655765007
127.47296510807558
127.58492323561431
125.95291363892315
126.17220607683309
127.76884053035529
126.7388201662872
126.9818407776738
126.81908562514879
129.0453703052055
126.47322699118202
126.73853092872803
127.38488194615788
127.42147695565363
127.19886169453218
128.05530133117387
126.93309155996711
126.56337046805164
126.1757912494629
126.07858333075197
128.18117307614116
127.03669626151336
127.45382442779498
126.86413598352293
125.7631940083996
126.89990928401768
126.66415450550608
126.44422942531456
128.00067650168805
128.17387529812524
127.12163942677884
126.21010597498308
127.56345643406974
125.05445913360047
126.67112641104876
127.34693240575997
-0.23374023755766646
0.5274627874335838
-0.8834737059201871
-0.014451192990097896
0.20671350379230263
-1.2633182549163648
-0.09013770369482763
-2.6055228518024536
-0.23588236682866667
0.4003108105386398
-0.2562527536144101
0.2169669579534756
-1.098639395067976
-0.6517833011498948
0.34311969985259516
0.661981167653689
-0.63515004306203
-0.9487942663023325
0.0614259581837265
1.0181820857097927
-0.43616264145409084
-0.46742419266839197
1.2836313040562337
0.4628462809591346
0.38784744604761856
0.39852847030963523
1.2028496086299105
-1.0061450609665525
0.7022906305960026
0.592922277681972
1.6652267821520976
0.8417568503704941
-0.19161499660049436
-3.083085105897072
0.6062055214845078
2.5604816888362576
1.013579849480665
0.6382872755974957
0.8462837337159991
-0.10942557165289403
0.05491928892130589
0.8666631551196797
0.6668491888140579
-1.589924610635
1.0677081593190825
0.935176398282251
0.496162105532555
-1.2919253399320172
-0.7926770482549883
-0.23488518156934332
12.53383102165676
15.653431246101134
14.091615769107996
16.277690213938918
15.188628937740013
12.953875172454973
13.508739196865875
12.79153799577699
13.19877933456897
14.095836966913378
14.760592036183342
14.307383158036457
14.14642984586482
12.8294368984219
14.007896573261581
13.54241465858994
14.102498607434095
12.748348793694463
12.991560101451851
15.633442979729153
14.517960777748545
12.648628494693348
11.977461528609659
14.607228640587355
13.950280196146286
15.249361387629294
13.723480877735634
13.54443657188166
13.90867705331867
14.29318989344961
13.036211757942205
14.460510983315556
13.984643473164375
13.293676318102948
14.447658349309462
14.571899481039313
14.172266520691801
14.13008380800592
13.441646471298855
14.414302410448126
13.789585336391808
14.846952075014535
15.224782957634641
15.480833072343218
13.046601862184843
14.984850560247263
13.289583254171374
13.472652591186263
12.659668431154296
13.510610027502151
83.92058144061903
84.0213965521028
84.55496268884599
84.48152319774931
82.20073337775986
85.24043249667776
85.15035705569485
82.92900537576173
86.097212178152
82.61980025586142
85.69452482171
83.82737410322693
82.46704511462949
84.34284088300619
84.76432574621835
84.50513934080692
83.72647241701446
83.55233688461776
84.85628095352989
82.62079873716976
85.85916934848971
83.03036547779058
84.73453317014611
83.65094570941669
81.87254763584046
83.91922403064082
84.38866879914133
83.75017209720781
84.30348814240897
84.23453078969833
82.47289110069084
84.8272749142784
83.92538785657037
83.77330757660634
84.39918231148644
82.20168894124882
83.1745936679325
83.41519340206152
84.55222145928597
85.05333575993929
84.02740929778444
83.13243430834578
84.5380049327991
84.17755178557839
86.1055299500724
84.36410417497055
85.36919637627405
87.54756277998518
83.9280347166003
83.9577613280523
28.977994173316137
28.465330261176714
29.058668917813694
30.025169641999007
29.120250168341617
28.930787000525875
28.880079127702356
28.700718816926006
28.935452427849917
27.062373889106844
29.926025394584723
27.00904915319533
27.661034201219938
29.8871943765363
27.29119446465478
30.067079156582544
29.22314088862633
29.708087471869845
28.90480135563246
30.11520583115736
28.253889505603933
29.074612012110094
29.545182732319866
26.420391198134183
28.488787954628364
30.082947799400035
29.01327879383009
28.65605567518819
28.953577884120655
29.31314983593685
30.01940822103014
28.332630332087284
29.099991072356367
30.341260248695832
29.315107892781306
31.593475095059723
30.726507724339523
29.070863298625078
28.64887703113841
28.961728252223196
29.36493968757379
30.37081343442006
28.826339134294948
27.22540443278045
27.59034325510383
28.235961483478903
28.590081014135844
29.539972801339907
31.529846513932114
30.206384378147906
128.39389290859674
126.5500699161783
124.67392887942088
125.56058180067393
126.16934688199365
128.48291254132948
125.97472968355463
128.53834247999913
126.11382013358968
125.28839815941494
129.66662301752822
127.00659652615067
127.23909827051102
126.76069703325174
127.1211305480789
127.83040869031689
127.04404376172472
126.77823652601684
127.53553875385076
127.83203871954055
126.91222693208735
127.26248375372286
126.40246374526983
125.54895668598455
126.95311392670914
125.22535610186777
126.66957862944207
126.60461352045614
127.08662932292283
126.45196040326361
127.39333378280008
127.09920524443109
127.05960904419959
127.21627544117189
127.71406978205093
127.94182023201866
127.52964666710008
126.22934627998076
126.09198688202085
127.43139235485522
127.49003171535584
126.6384955017431
125.61501671923156
125.3474891395318
126.22328080302248
127.57059499063661
126.00778733749745
126.20763492063946
126.98901850427407
125.58233384520217
109.37314774789752
108.11023057829527
109.47657030040303
109.22920756419506
108.73003647199882
109.48962309430523
108.18759442929723
107.74615713013307
107.80056636908643
107.52479118739264
108.39889174912072
107.84741852763115
107.74825853662497
108.20087540761129
108.9924274874176
108.08825628234307
106.99631989678778
107.63978398236452
107.488054040396
108.80030204901257
106.74299240448018
107.85730079116436
107.45696993765333
108.25325005307987
106.58319559427464
107.03135748492092
106.07843797692249
107.75529145969294
106.81911794678967
108.7838897985626
106.25718969312877
108.65007858271673
109.53292583840356
107.79423982475267
108.45711680153819
108.93239556919528
108.77982737431583
110.39757079850501
109.74316463321786
108.93972351229422
109.56214265110009
109.15550545266534
107.35682326762877
109.79162489076843
108.24197575346385
111.45514667148443
107.63684114421379
108.0886358647503
108.84877794267959
108.92481553152088
90.78725484535988
90.04239034549919
91.30629384920158
90.87310587358516
90.14917547548454
89.17138486625198
91.66771913662481
91.61329436244775
90.0436575195782
88.94603791384898
89.78995431265645
87.80400962471747
90.43144646875616
90.78036714089664
89.6837215330132
90.61577651985463
90.18952373621657
91.58008900138066
89.70908461948893
89.0510959358481
90.45537610286483
90.81926282729181
89.99577313232194
89.89168173717127
88.8079704270524
92.46525847367792
90.47450088853788
89.69470848589985
92.84015792849561
88.38883634923347
88.108976203798
88.84727735914338
92.12491309585
91.43310262080826
88.45773368330418
90.70920197452848
90.27571096884614
89.55958709212015
88.54482978001211
91.52754404798173
90.39214306767146
90.20432199228298
90.24973500586056
90.35272788781418
89.48268296527876
90.1790516498072
90.06023645937783
89.59134242147377
91.80487700347116
90.89796312425851
127.77242412251739
128.44799384385735
126.65079691036344
127.04372347180673
127.99247841277499
125.2828305919536
124.93924943105611
127.71552439001243
126.07851618851366
127.67002196035148
126.04703934869033
127.77946196553808
128.23606141287684
127.780308035771
125.7332941008332
127.81313752558731
127.24222737616778
126.00048416422803
126.25294503925925
128.00666472912084
125.0548310360334
127.48870308617308
127.1223293445543
127.84548770865429
126.33404825123426
126.57867854682806
126.56869023944532
126.68632247001351
126.79342991182038
127.57531574345438
126.71510710027538
126.59839784264568
126.90446419020196
127.75099123161318
125.90599231830379
126.8367127965886
127.42055562051526
127.77156236787651
127.9844065030183
128.1887903565819
126.82064353376884
126.34916514309771
128.432962810779
126.2784823367396
125.39379253672001
128.3847684165306
126.00384279658005
126.64951707631907
128.9700104264569
126.81427916259359
14.38847395382529
13.038087089897871
14.865566418140412
14.693524470704096
13.53697692853883
14.499306723579501
13.269185451488573
14.986588673056561
16.253642573404584
14.517504803191333
14.242610995251686
13.62429748472627
12.938112320008331
13.829776630939804
15.037836945882997
12.60359440021868
14.587015723049516
13.93392116475723
13.635926104177681
14.953549373711208
13.195831736925358
13.501405547934409
13.061793346448056
12.529823738140106
13.898943044262147
14.198161680869696
12.551450710127849
12.951065872644174
13.310233022378503
13.511665684261512
14.858717002881525
14.307517601928888
14.202651153650027
13.564106830329978
14.1594277373322
14.350106123934546
14.296738174918353
13.560777611190087
14.146563512921247
13.55375187616668
13.556478319493205
13.472422969830246
14.515343129841938
14.317972498323167
14.561426080294751
15.188605195633146
14.285486000971295
15.582125732097673
14.881166870592244
15.302099719533015
19.215187774427882
18.251928546145738
21.165196464739665
19.871801016997637
18.49445429126872
18.603778116103562
20.600637182710166
17.406805643417794
19.52505467789987
19.388411364911626
18.30120514220951
19.65369782338513
19.43349581510963
20.149562103856514
19.14564651321142
19.094327866152526
18.80735285706771
19.391309127224506
16.51911604154324
20.01597771307642
18.832554307399576
18.606047016133065
19.74570306590536
20.06278060481979
19.568051449940825
18.84296924911757
19.043971231895565
21.11923756651226
17.440785676774617
18.265747337047006
19.506979566789326
16.901931843765738
19.347862588647754
20.24703556727563
18.926861866227963
19.546872624296107
19.694856866706075
19.594053753391705
18.266471169905955
18.6609545036966
18.211515718499726
18.742106882766034
18.744280973127488
19.68168242429699
20.536433974961213
20.130501847924474
21.466069881677072
19.42350253343956
19.181602653997444
18.226823055792956
108.67680998090016
107.40020873584074
107.41826177889388
108.60484856182357
108.13633820751001
106.95299444081145
109.14136759914467
107.02159867302264
109.98597335086686
109.39610565390942
108.37700102632888
108.19146781050908
108.1103369279916
108.16120536223376
107.76783247570403
108.64041888036256
107.7476980614041
107.9654226395809
107.77377257878994
107.0769656452848
106.75002026677632
107.58490502649762
108.54570092072991
108.71815170011047
108.58566216619298
107.45342234552615
107.02192524413259
107.3337237223563
107.54780900424076
107.54668595846839
107.93026779011687
107.68453436788958
108.79179507372392
108.20134720523144
109.16839502001059
107.59129347585596
107.95097079381135
108.62048824828501
107.12719104322674
109.94602843747617
109.09282299787412
108.47585176562757
109.25393941637233
108.61548624213253
108.06126442751203
109.77473486991884
106.47374585396494
107.10775979639563
107.5064890112267
109.33099668901748
19.465956374966993
20.191655071526018
18.41631053917795
18.900468583491225
20.27229523390617
19.89337303173738
19.769530880155365
17.303434590200908
18.956460530596154
18.78718707763414
19.696410932107405
17.898333930698456
19.337187324770316
19.254592712619843
19.922865062715406
18.973259366991208
18.238271867506747
19.12558947631732
18.600442979969483
17.082348817753644
19.190767975637844
18.445538938658938
16.857104960771732
21.672182167020836
19.762933209257557
21.727477243411332
18.091247456399977
19.55995249941978
18.018377878547348
18.21968961328805
18.81518066588845
18.636144198305107
20.062211125691515
18.48555249853284
19.587269898220175
17.993229321328158
17.875107620593532
19.75788912234738
19.086689904316376
18.759560206288732
18.92028408704973
18.650256169829532
19.426360494512988
18.982698628164616
20.112567595920353
17.905721467661607
18.39018914106628
19.19667040475295
18.9841758016688
18.299308502846458
42.46170634595651
44.80178744847741
42.776298487364315
43.730361412792874
41.96112506024778
43.58305875234611
44.93593869885361
43.380166285664444
41.6660765346607
44.42492214946233
39.38859104436966
42.50152825982896
41.927414981079146
41.672020946532136
43.04069810229505
43.46088689540471
42.774797769212086
41.849428440056556
42.93797934261213
44.36706506003184
42.863420543946305
42.883760164920446
43.883112857143644
45.15344685299245
42.502966139172436
44.38958274682065
43.49000067007445
42.45245140969012
41.1692289958317
41.9563076067014
43.73551187085257
42.9811340608239
43.197272534133276
42.16202259889995
42.16840403046051
41.89771795536121
43.3872741039873
43.53777844424108
42.553229290680754
41.724704826938776
42.69921724837691
43.36805677337059
42.69108784834181
43.670601320194855
43.36348601289942
43.754203459570476
42.108156929204696
42.404899161406995
41.85552963049157
43.641620527150465
41.572625443527315
44.55280061921055
43.27707076336868
41.92056448773244
42.81614892521072
42.513740208706224
43.931903550420735
42.741708861956056
41.30618630818327
42.624193710950706
43.57556735413827
41.35074458435296
43.34952961881849
45.56025501069797
41.80270288270583
42.96535346799379
42.81807038984811
41.314682045839795
44.269315002117345
44.33820415442541
42.76652144834901
42.96447144056681
44.57216570819703
42.61973442850544
42.7832094423777
43.67053976608415
43.91411887319306
41.031094313400175
43.08293778507166
42.03435025622534
42.26372300185117
40.34276285885856
42.44485449396223
41.43164771061528
43.85317933106843
43.15225776648361
42.062691738595625
41.44667910539798
43.35479860672399
43.54097845043499
43.03730626477447
43.906210923421675
43.39178431334331
41.36386304942201
43.52306287753146
43.57696533174863
42.76907432212121
41.97426423064256
43.692093497791845
41.92859887161938
1.3824727160461492
0.8207154497596019
2.0291876434981533
-0.9576804643107547
0.3959837888561891
-2.4728311504489775
-0.5859490340109453
1.1133054346803293
-0.596342841930878
0.9032313462762236
0.05865348142403972
-0.001023778310896042
-0.5879586700342955
-1.436174934534249
0.5926609347441028
0.6803417093765456
0.24139398490978853
2.0131627591461787
1.342487243181541
-0.8974760113836574
-1.1682608756700108
0.5168782986490934
-2.2724988862649753
-0.8091786623967062
0.42205470632962244
-0.2118940354746664
0.25579547036151357
-0.746945516360759
-0.14968563571449894
-0.3758686458706116
0.2722897383278103
0.4516463140107309
-0.056049787655483116
0.7675332302645012
0.8611732188422937
0.300139121290826
2.840889179866038
1.3016542829826008
-0.8780931743898124
0.68476435718187
-1.2362291743771783
-0.1553747795053382
-0.7994645823891219
0.0723439570317307
-0.33363337195311804
-0.2616613695995873
1.2803602033815633
-0.7920092538709902
0.10272947754297534
-1.1755787007367948
13.542788395664843
13.556888424630142
13.101063597796761
14.80712333034503
13.516896063083188
14.679892347579292
13.274136365948305
15.270875363148635
14.064243074104876
15.533839038159762
16.582242366673963
10.881820771971647
14.108446171101475
15.069921646267318
14.11909054256991
14.304567207701384
13.013283216010649
14.76605908336775
14.026847482489961
14.419247903496014
15.032144253444857
14.272896412953228
13.78752736109747
13.300608869248693
13.498688507048774
12.610986250600035
16.213568406269914
14.008519930171191
12.650360687811071
13.023992841182197
15.175302639776865
14.759963152653278
14.49228852686372
14.601974383634822
15.919832710113415
13.166863338977825
13.99805497502964
15.380667011200352
12.585406334854468
12.614915131737783
14.021711021859591
13.191682677213185
14.613053622542498
14.032720641750583
13.266359947735003
12.97812508564159
11.672024489694348
13.069703426632952
14.234454674290703
12.982990318607394
108.3222611619834
106.5257503837866
108.97633916724097
108.98013686048684
107.26663766562517
108.55145375227958
109.0508699571716
108.81901115013407
109.22143553063734
106.99740375945294
108.10010091316273
108.16094574277706
108.30793494854832
108.34149227155395
108.49309811262634
109.5494601536704
106.95497204680251
106.86186040730139
106.4915845898785
109.61658860932835
108.52672804881942
108.19601100344326
108.58530789512866
108.95417340313217
109.20962730472442
108.82338289643253
107.02242759749876
107.24467284589176
108.47986923876924
108.52686749021836
107.46996736027837
108.43039088834152
107.49788275233156
106.82877646237503
108.16230734205817
106.7779777212616
106.82550316923734
109.36066202746504
105.38597279038594
108.70329540666249
108.33997794910344
107.52655032804465
106.15567449616509
108.4439411386055
106.47240280113894
108.29700434870891
109.11048430326723
107.62843868587318
108.14076886916618
108.27968569450108
90.95020420982405
88.82088281872116
91.32823315339193
88.45032148580302
90.07207036656769
88.70379416864814
90.90759577111808
88.48449933648608
91.47271903764056
89.63739290671148
90.05633533196617
90.07901955682281
89.0562438230406
90.09287320925894
90.29260684456838
89.82913978296747
91.383184395542
89.25590658041311
89.80411304464
90.31471324097066
90.03752718285597
90.79494934327005
90.2698429636573
89.2868816331627
88.60185195286022
89.61907381654528
89.96511212486216
88.86474904230006
91.14489051408093
89.18616968477843
89.81450243271321
88.65062876748416
89.04791140672982
87.91919624055296
89.72775753923979
90.37757401074134
88.00175843879701
89.36558734982283
90.03264056251736
91.40874132824987
90.14880935593602
90.99106095365947
90.63501109083357
90.3704697126758
89.78517272236907
89.01974577335804
88.83710998022333
90.54601774776822
90.08391281351918
91.87561601095807
